[(0,21),(1,10),(2,2),(5,6),(6,5),(7,5),(8,7),(9,3),(10,8),(12,12),(14,6),(15,2),(16,2),(17,10),(19,1)]
33% with less than 3 metas
13% not at all

remove UK,ID,ET
[(0,19),(1,12),(2,4),(3,1),(5,2),(6,2),(7,5),(8,7),(9,9),(10,9),(11,2),(12,9),(13,3),(14,4),(15,1),(16,1),(17,7),(19,2),(21,1)]
31% with less than 3 metas
13% not at all

manually verify words
[(0,22),(1,16),(2,4),(3,1),(5,5),(6,3),(7,5),(8,6),(9,9),(10,7),(11,2),(12,6),(13,1),(14,3),(16,1),(17,6),(19,2),(21,1)]
48% less than 3 metas
8% not at all
75% of the nodes are restored! (according to krasse)

